-563
-92
-419
-232
-193
-574
-354
-752
-179
22
-362
51
-70
-413
-419
-243
-366
-350
-775
99
-634
11
-673
-560
-831
-702
-794
-887
-619
83
-588
-390
-191
-1237
-172
-485
-261
-808
-63
-583
-20
-45
-322
-122
-414
-31
-418
-584
-180
-296
-79
-423
-196
-601
-222
-597
-11
-99
64
-100
-521
-332
-800
-427
-6
-223
-570
-647
57
-721
2
698
1320
1949
2029
2713
2724
2845
3067
3220
3311
4044
4286
4467
5503
5855
5976
6529
6549
6711
6803
7466
8000
8403
8726
8878
9440
9581
9914
9945
9976
10118
11121
11656
12550
12873
12924
13027
13328
14092
14714
15107
15492
16206
16398
16872
17055
17338
17611
17642
18755
19177
19228
19661
19854
20155
20717
21028
21951
22332
22977
23058
23511
23813
24117
24460
24681
24963
25564
25757
25848
25869
26170
26471
27273
28027
28043
28506
28739
29532
30094
30407
31461
31752
31783
31793
31934
32045
32627
32728
33430
34055
34146
35198
35701
36012
36434
36535
36917
37519
37620
38263
38855
39267
40069
40413
41386
41999
42210
42912
43003
43936
44149
44560
45072
45685
46017
46210
46895
47096
47641
48896
49528
49829
50862
51555
51789
53403
53615
54080
54281
54411
54612
55143
55284
55997
56200
56210
56604
57300
57684
58485
59207
59438
59449
60122
60755
60855
61447
61538
62232
62322
62515
62947
63452
63952
64053
64144
65057
65682
65732
65793
66276
66328
66609
67302
67814
67845
68247
68338
68540
68992
69293
69765
70047
70138
70799
71282
71825
72026
72138
72812
73054
73407
73428
74192
74394
74495
74615
75418
75539
75559
76453
77495
78158
78950
79695
79896
80299
80600
81972
82473
83304
84436
84837
85158
85219
85351
86413
86543
87475
88276
88397
88798
89009
89220
89281
89693
90024
90466
90546
91067
91368
92092
92213
92494
92695
93660
93862
93983
