-440
-50
-90
-21
14
-1029
-17
64
-377
-28
-4564
-41
-5
-82
-80
21
32
-129
-196
-10
11
-75
-32
83
-25
77
-850
33
-5
81
-33
-1544
31
-74
17
26
-36
-333
-142
24
-52
-14
-140
94
68
-1742
-70
51
18
63
-1591
-67
-165
27
37
-279
-62
-489
-75
-1232
-547
9
-452
33
35
25
-810
-381
47
-579
-35
-14
41
-44
-73
24
-336
-54
-2702
-84
-34
-5896
-36
-34
-51
-106
-63
-9
-649
77
-380
34
48
42
-67
78
38
-12
16
23
92
-859
167
1477
-10595
2103
2345
3071
-1828
-2121
3675
-1020
4037
4761
-15360
5608
-14326
-28937
-27371
-15146
-12621
6575
-12956
7541
7662
-21124
-10545
-20850
8267
8509
369
8388
873
9234
-6918
9718
9839
9959
10322
-24941
10926
11127
-27495
-4758
11730
-4169
-25955
-20536
-25966
13136
-3754
-17869
13738
14541
15344
-1878
-2183
-15868
4278
2587
-23601
-27993
-27094
-22372
-29844
-22322
20163
-21499
-11103
-21702
7420
21568
-9595
-9039
-20648
22774
-26688
23578
-20079
23377
24581
24982
25183
-7343
26387
-4615
27390
-14884
29495
-2274
9355
-4068
-24739
-29289
31301
-2872
-16332
32204
-19999
19761
-18356
19359
34611
-27319
35213
35514
35815
36115
37018
37319
37921
38523
36717
-13790
-21651
39727
40027
-17272
20565
41231
-28175
-21346
-19156
27691
-7221
43939
44239
-28074
-167
45442
45943
46444
-16669
8872
-8937
-25225
49448
50450
8146
51452
51953
-15238
52955
53456
-18345
55459
-2588
56460
-16567
57463
1075
-12520
-14732
-14975
-27982
-7191
-1322
-248
-6129
-4118
62973
-28357
21769
64475
64976
1276
-25864
24179
-28546
67981
-6412
-18002
-7667
4640
70486
-15777
71988
-3420
-10374
-22648
40930
74493
74994
75995
-18254
76997
77497
772
-1484
79000
-21134
33408
80503
10523
81504
82005
-889
75494
83508
38222
