123
71
82
193
7
10
191
60
22
73
51
62
41
88
83
3
98
63
99
130
11
41
71
113
33
52
31
19
83
164
44
94
10
28
151
1
63
37
19
19
41
95
2
10
86
81
206
68
21
78
42
10
38
31
60
5
39
64
74
1
33
60
125
167
116
28
35
58
108
2
698
1320
1949
2029
2713
2724
2845
3067
3220
3311
4044
4286
4467
5503
5855
5976
6529
6549
6711
6803
7466
8000
8403
8727
8878
9440
9581
9914
9945
9976
10118
11121
11656
12550
12873
12924
13027
13328
14092
14714
15107
15492
16206
16398
16872
17055
17338
17611
17642
18756
19177
19228
19661
19854
20155
20717
21028
21951
22332
22977
23058
23511
23814
24117
24460
24681
24963
25565
25757
25848
25870
26171
26471
27273
28027
28043
28507
28739
29532
30095
30407
31461
31752
31783
31793
31934
32045
32627
32728
33430
34055
34146
35199
35701
36012
36435
36535
36917
37519
37620
38263
38855
39267
40069
40413
41386
41999
42210
42912
43003
43936
44149
44560
45072
45685
46018
46210
46895
47096
47641
48896
49528
49829
50862
51555
51789
53403
53616
54080
54281
54411
54612
55143
55284
55997
56200
56210
56604
57301
57684
58485
59207
59439
59449
60122
60755
60856
61447
61538
62232
62322
62515
62948
63452
63952
64053
64144
65057
65682
65732
65793
66276
66328
66609
67302
67814
67845
68247
68339
68540
68992
69293
69765
70047
70138
70799
71282
71825
72026
72138
72812
73054
73407
73428
74192
74394
74495
74615
75418
75539
75559
76453
77495
78158
78950
79695
79896
80299
80600
81972
82473
83304
84436
84837
85158
85219
85351
86413
86544
87475
88276
88397
88798
89009
89220
89281
89693
90024
90466
90546
91067
91368
92092
92213
92494
92695
93660
93862
93983
94495
