15
32
2
151
25
168
73
74
41
73
267
59
6
10
21
32
123
22
57
0
102
26
19
164
56
169
36
64
86
91
68
29
111
17
98
107
55
72
19
66
38
77
52
185
79
18
21
152
39
135
31
34
108
38
48
26
39
101
26
168
1
90
52
43
45
115
27
25
108
108
56
36
92
7
28
35
203
36
76
17
47
25
25
101
40
26
109
72
215
108
280
125
59
124
25
129
58
19
47
54
184
65
268
1579
1781
2224
2466
3192
3313
3675
3796
3916
4158
4882
5003
5729
5849
6091
6333
6454
6575
6696
7058
7662
7783
7904
8025
8146
8388
8631
8752
8872
9113
9355
9597
9839
9960
10081
10523
10926
11127
11327
11529
11730
11930
12132
12332
12734
12935
13337
13538
13738
13938
15344
15545
15746
15947
16751
17353
17554
17955
18356
18758
18958
19359
20163
20364
20565
20966
21368
21569
21770
22171
22573
22774
22975
23377
23779
23979
24179
24781
25183
25384
25584
26588
27390
27691
28894
29796
30097
30398
30699
31000
31301
31602
31903
32204
32505
32806
33408
34009
34310
34912
35213
35514
35815
36115
36416
37319
37620
38222
38825
39125
39426
39727
40027
40328
40629
40930
41532
41833
42735
43036
43337
43939
44240
44540
45141
45442
45943
46444
46945
47446
47947
48447
48947
49949
50951
51452
51953
52454
52955
53456
53956
55459
55960
56460
56962
57463
57964
58465
58965
59466
59967
60468
60969
61470
61971
62472
62973
63474
63974
64475
64976
65477
65978
66479
67480
67981
68482
68983
69483
69985
70486
70987
71988
72489
72990
73491
73992
74493
74994
75494
76496
76997
77497
77998
78499
79000
79501
80002
80503
81004
81505
82005
82506
83007
83508
84008
84510
