-105
-48
-98
-59
15
-132
-27
64
-79
-27
37
-41
-4
-80
-79
22
33
-78
-193
-10
2
-74
-31
84
-74
19
-154
34
-14
81
-142
-201
31
-73
18
27
-35
-148
-141
26
-52
-13
-48
95
69
-282
-69
22
19
65
-159
-66
-82
28
38
-114
-71
-59
-84
-72
-279
10
-288
33
35
25
-83
-95
48
-92
-34
-14
-28
-43
-192
25
-87
-124
-74
-93
-33
-85
-85
-29
-50
-104
-91
-8
15
78
180
-65
49
44
-125
79
38
-11
17
24
34
-265
168
1289
1521
2094
2246
3072
3143
3275
3536
3696
3938
4672
4693
5369
5629
5801
6163
6214
6445
6576
6828
7482
7653
7754
7815
7806
8268
8481
8382
8632
8673
9235
9207
9719
9820
9831
10093
10576
10927
11127
11169
11390
11650
11752
12042
12434
12625
13137
13248
13328
13738
14944
15155
15356
15617
16431
16913
17124
17705
18026
18138
18588
18659
19923
20064
20325
20736
20908
21009
21420
21881
22113
22394
22775
22847
23409
23689
23519
24581
24833
25044
25354
26088
26980
27311
28274
29386
29677
29658
30069
30690
30751
31202
31383
31374
32165
32296
32788
33699
33760
34562
34703
35064
35305
35575
35806
36969
37220
37882
38435
38115
39066
39267
39467
39778
40179
40310
41032
41393
41935
42566
42727
43609
43910
44240
44481
45092
45283
45914
45995
46686
47127
47757
47957
48979
50301
50752
51243
51554
52265
52956
53456
54869
54920
55540
55852
56823
57184
57725
58445
58426
59177
59378
60389
60870
61191
61602
62003
62964
63304
63775
64376
64677
64978
65629
66470
67371
67982
68393
68703
69445
69756
70267
71388
71739
72390
72471
73322
73533
74454
74814
75686
76407
76917
76998
77789
78250
78801
78992
79083
80324
80225
81185
81176
82267
82308
83388
83610
