-557
-89
-418
-227
-193
-570
-349
-750
-178
23
-359
52
-69
-412
-417
-237
-362
-347
-771
100
-629
11
-669
-557
-827
-698
-789
-881
-617
84
-586
-386
-190
-1232
-169
-479
-257
-803
-61
-581
-19
-45
-318
-120
-414
-29
-414
-582
-179
-292
-78
-420
-192
-599
-220
-595
-11
-96
64
-99
-517
-330
-795
-423
-4
-222
-565
-642
58
-718
8
700
1329
1949
2033
2714
2725
2847
3070
3221
3314
4046
4287
4473
5505
5856
5979
6529
6551
6713
6806
7470
8003
8407
8728
8880
9441
9584
9915
9946
9978
10121
11126
11660
12553
12874
12927
13028
13332
14094
14717
15112
15496
16208
16402
16875
17058
17341
17612
17646
18757
19178
19231
19664
19855
20157
20718
21031
21952
22337
22978
23061
23514
23817
24120
24461
24683
24965
25567
25758
25850
25871
26171
26473
27277
28033
28047
28509
28742
29535
30097
30411
31462
31753
31783
31794
31935
32047
32628
32730
33435
34056
34149
35201
35702
36015
36435
36537
36919
37520
37623
38265
38857
39269
40073
40416
41389
42000
42212
42913
43006
43939
44150
44562
45075
45688
46020
46215
46896
47101
47646
48898
49529
49832
50865
51559
51793
53406
53620
54081
54281
54412
54613
55144
55287
56000
56200
56214
56611
57304
57685
58487
59209
59439
59452
60125
60756
60857
61448
61542
62232
62325
62518
62952
63452
63953
64054
64147
65062
65682
65733
65796
66278
66329
66612
67304
67815
67847
68249
68340
68542
68993
69295
69767
70048
70139
70802
71285
71826
72028
72142
72814
73057
73408
73432
74194
74395
74495
74618
75419
75539
75563
76455
77498
78160
78955
79696
79899
80300
80602
81973
82474
83306
84437
84838
85159
85221
85353
86414
86545
87476
88277
88398
88799
89010
89221
89283
89694
90026
90466
90547
91068
91372
92093
92214
92495
92700
93662
93863
93985
